7248
8531
7733
7103
7927
6809
9072
1397
8696
1344
7261
7267
1523
762
8278
1466
2205
960
5833
6044
1781
8160
5067
3724
2196
378
6101
8215
1712
3487
986
8916
3198
8146
5720
9007
3108
6754
3969
9644
5182
8494
7849
3666
7795
6328
7030
5336
4693
569
8326
6502
1702
5118
3963
8147
9237
4898
5695
7490
953
8945
5380
2024
4714
2709
3251
2120
2938
9183
1083
1652
5436
7299
975
7632
6589
8412
5968
3952
4823
9326
1545
7384
9802
4113
6216
6120
5949
8926
4722
7995
4762
718
4933
6396
6691
9811
1145
7443
4303
5836
1604
4227
5222
9445
3070
3642
3223
1678
5400
3836
6505
8180
9057
1267
1868
3061
7144
8475
730
7830
2962
4610
5032
7625
3376
2356
3710
7957
1427
432
6229
638
7370
443
2325
1764
9078
2820
2074
1843
8752
6486
6683
3866
7876
4799
809
2052
1084
374
5144
2661
2897
7521
8116
8764
1096
7152
4411
8777
6259
7504
915
1246
1535
8545
7772
2767
5850
6048
3128
271
4647
1850
825
7339
5735
4784
5084
4363
8640
373
9021
6073
6714
1988
5837
936
7459
7592
5765
3718
9717
329
5926
1017
412
1736
781
6009
759
8627
5686
601
3688
4952
6859
7655
6108
6346
2781
1681
7668
9186
594
9245
3192
6049
9490
2720
8590
9126
4503
6767
8459
5003
419
6797
5105
1015
2603
5128
5977
4142
626
6585
2810
5157
6272
9336
388
2863
3224
9810
8001
4342
754
1655
4289
6480
7312
1079
1636
4670
3323
8265
4562
1697
8738
279
7235
7884
4955
5541
2742
8276
5399
5049
7156
8078
9003
8300
7476
1966
3842
8749
185
2563
3653
6646
1242
1331
1720
6940
2772
1645
7762
3133
4552
6896
3510
4225
8519
6382
5583
6801
1205
4098
6926
2246
599
5329
1285
7444
6870
9692
3111
451
1182
8914
4133
5412
1583
6467
5051
6500
2464
312
1926
8015
6742
3338
5638
1701
8591
4496
5763
6948
5792
6530
2476
5676
7266
4925
6145
3795
3377
6609
5212
6845
3867
834
1293
8815
7786
8748
3147
3584
6854
6736
7657
3792
6097
1991
8269
1002
9755
154
4280
2395
1477
6403
409
1160
7422
2085
8855
3876
5986
6411
5113
4384
9232
8022
9905
7387
4419
3783
9963
6877
4
5522
4723
7457
6968
7365
3285
8601
8170
5130
9931
6089
5499
5297
8340
3167
4346
7933
66
7084
2713
1087
5181
9084
2063
1479
4027
7234
7643
5430
3773
8897
6631
299
2971
6930
6298
1516
1515
1954
6115
7183
5244
5622
1416
3770
9100
8175
7589
2778
7669
7154
2257
6012
2328
3402
8373
2407
385
5195
6773
7173
7633
1798
1828
73
6796
6199
3220
2762
4988
9849
4287
3317
6997
4197
9133
1683
2178
8153
1808
6518
4028
9373
1371
6587
6036
2064
3633
4961
3017
1539
2648
3662
7491
9764
3994
9259
3299
4970
7590
3054
9631
6331
6931
4102
1185
6224
2623
6337
3668
8260
3796
9001
5802
1542
17
5150
